##FastQC	0.11.5
>>Basic Statistics	pass
#Measure	Value
Filename	ERR336935.sort.bam
File type	Conventional base calls
Encoding	Sanger / Illumina 1.9
Total Sequences	22421737
Sequences flagged as poor quality	0
Sequence length	36
%GC	46
>>END_MODULE
>>Per base sequence quality	pass
#Base	Mean	Median	Lower Quartile	Upper Quartile	10th Percentile	90th Percentile
1	39.17417874449245	40.0	39.0	40.0	38.0	40.0
2	39.068826469599564	40.0	39.0	40.0	38.0	40.0
3	39.05125713498468	40.0	39.0	40.0	38.0	40.0
4	39.041043519509664	40.0	39.0	40.0	38.0	40.0
5	39.053433014578665	40.0	39.0	40.0	38.0	40.0
6	39.00802796857353	40.0	39.0	40.0	38.0	40.0
7	38.99476142281037	40.0	39.0	40.0	38.0	40.0
8	38.97169634984123	40.0	39.0	40.0	38.0	40.0
9	38.94877114114754	40.0	39.0	40.0	38.0	40.0
10	38.94006271681806	40.0	39.0	40.0	38.0	40.0
11	38.93824425823922	40.0	39.0	40.0	38.0	40.0
12	38.892978273717155	40.0	39.0	40.0	37.0	40.0
13	38.85875683940098	40.0	39.0	40.0	37.0	40.0
14	38.83354273578358	40.0	39.0	40.0	37.0	40.0
15	38.802214922064245	40.0	39.0	40.0	37.0	40.0
16	38.773974558706136	40.0	39.0	40.0	36.0	40.0
17	38.724812934876546	40.0	39.0	40.0	36.0	40.0
18	38.672041733430376	40.0	39.0	40.0	36.0	40.0
19	38.633598859892075	40.0	39.0	40.0	36.0	40.0
20	38.58798410667291	40.0	39.0	40.0	36.0	40.0
21	38.50176192861419	40.0	38.0	40.0	36.0	40.0
22	38.43184945929925	40.0	38.0	40.0	35.0	40.0
23	38.36342666047684	40.0	38.0	40.0	35.0	40.0
24	38.290563037109926	40.0	38.0	40.0	35.0	40.0
25	38.22615665325126	40.0	38.0	40.0	35.0	40.0
26	38.05290192280821	40.0	38.0	40.0	35.0	40.0
27	37.940120071874894	40.0	38.0	40.0	35.0	40.0
28	38.07064305499614	40.0	38.0	40.0	35.0	40.0
29	38.14222038194454	40.0	38.0	40.0	35.0	40.0
30	38.08173086679235	40.0	38.0	40.0	35.0	40.0
31	38.22149363361099	40.0	39.0	40.0	35.0	40.0
32	38.12890143167766	40.0	38.0	40.0	35.0	40.0
33	38.07659183585999	40.0	38.0	40.0	35.0	40.0
34	38.01860542740288	40.0	38.0	40.0	35.0	40.0
35	37.94130619764205	40.0	38.0	40.0	35.0	40.0
36	37.564152857559606	39.0	38.0	40.0	34.0	40.0
>>END_MODULE
>>Per sequence quality scores	pass
#Quality	Count
2	8105.0
3	239.0
4	337.0
5	491.0
6	582.0
7	603.0
8	953.0
9	1604.0
10	2290.0
11	2174.0
12	2400.0
13	3420.0
14	4677.0
15	5799.0
16	6092.0
17	7335.0
18	9244.0
19	11938.0
20	13576.0
21	15675.0
22	17849.0
23	21887.0
24	28071.0
25	36934.0
26	48827.0
27	61521.0
28	76929.0
29	95160.0
30	121966.0
31	154847.0
32	196751.0
33	254037.0
34	339517.0
35	499660.0
36	793839.0
37	1510741.0
38	3062044.0
39	1.4481996E7
40	521627.0
>>END_MODULE
>>Per base sequence content	warn
#Base	G	A	T	C
1	21.700299781352808	31.137282704486314	19.40978602047696	27.75263149368392
2	31.664908469926406	22.39228902319263	23.808746074719668	22.134056432161294
3	27.58427880336382	21.191975506532703	24.172924457127422	27.050821232976052
4	24.51890770104029	29.680688877940188	24.23880005371573	21.561603367303793
5	25.200523260644715	22.57280699293582	26.009729943470422	26.216939802949042
6	25.510106554188912	20.49665465258111	26.186392249628117	27.806846543601864
7	25.57002608673895	23.83120005376925	24.789314940229655	25.80945891926214
8	22.707829886154315	24.0900776913688	28.663676077251527	24.538416345225357
9	22.189427597270072	23.83326845569577	30.742228420187306	23.235075526846856
10	24.05723147302859	28.86599018653802	25.886253950367344	21.19052439006605
11	22.273455362520703	24.585520668941697	27.81565703023658	25.325366938301023
12	22.73980378951015	25.949706751087128	28.133801587272206	23.176687872130515
13	22.409874330625897	26.147076679137328	28.900289951356033	22.542759038880742
14	22.233259635445435	27.32750776155923	27.563114139464506	22.87611846353083
15	22.24670049520781	26.790589187313113	27.48375256860564	23.478957748873437
16	22.248129125767555	27.477304724428798	27.862939432390988	22.411626717412663
17	22.103847003811257	27.194180111396378	28.164020313325437	22.537952571466928
18	22.1211214349715	27.63100184955331	27.89799849520307	22.34987822027212
19	22.383827766014917	27.370271632901666	27.80620518902764	22.43969541205578
20	22.262523980691014	27.42088741323411	27.8903971757698	22.42619143030508
21	22.09184629485486	27.532568000323643	27.937754794504478	22.437830910317018
22	22.204830310973378	27.596321807009666	27.820172295880653	22.3786755861363
23	22.118948438675133	27.560046813721982	27.9418477629928	22.379156984610084
24	22.216263670549893	27.547775899228405	27.927588968401658	22.308371461820045
25	21.989001726006503	27.50879728120526	28.159755950708465	22.34244504207977
26	21.97685665477211	27.613199637476793	28.198515574417808	22.211428133333293
27	21.88943398153494	27.55631762971447	28.286686768119463	22.26756162063113
28	21.90777416238477	27.680364054124123	28.27890865290849	22.132953130582617
29	21.794315043477674	27.653013680429844	28.31510333030844	22.23756794578404
30	21.889300048301443	27.766760667906837	28.232961030145365	22.11097825364636
31	21.901338642721733	27.681783325110633	28.268992143581123	22.14788588858651
32	21.878371172528926	27.671431509905304	28.228690175652858	22.221507141912905
33	21.81829956110878	27.66680036138159	28.198142079051973	22.316757998457657
34	21.799306708454687	27.901430112280334	28.056837347473895	22.24242583179108
35	21.825884571376836	27.688383615273302	28.289117679787047	22.196614133562814
36	21.832515756717598	27.720873688114665	28.276745209563586	22.169865345604148
>>END_MODULE
>>Per sequence GC content	pass
#GC Content	Count
0	65.0
1	211.5
2	358.0
3	358.0
4	786.0
5	1214.0
6	1214.0
7	2501.5
8	3789.0
9	3789.0
10	6783.0
11	9777.0
12	9777.0
13	17381.5
14	24986.0
15	38903.5
16	52821.0
17	52821.0
18	80535.0
19	108249.0
20	108249.0
21	154001.0
22	199753.0
23	199753.0
24	270977.0
25	342201.0
26	444248.0
27	546295.0
28	546295.0
29	678878.5
30	811462.0
31	811462.0
32	973308.0
33	1135154.0
34	1135154.0
35	1307829.5
36	1480505.0
37	1480505.0
38	1645407.0
39	1810309.0
40	1956682.5
41	2103056.0
42	2103056.0
43	2187191.5
44	2271327.0
45	2271327.0
46	2302954.5
47	2334582.0
48	2334582.0
49	2280611.0
50	2226640.0
51	2107963.5
52	1989287.0
53	1989287.0
54	1816013.0
55	1642739.0
56	1642739.0
57	1439317.0
58	1235895.0
59	1235895.0
60	1042903.5
61	849912.0
62	849912.0
63	691789.0
64	533666.0
65	421544.5
66	309423.0
67	309423.0
68	238877.5
69	168332.0
70	168332.0
71	130819.0
72	93306.0
73	93306.0
74	73345.0
75	53384.0
76	43214.0
77	33044.0
78	33044.0
79	26943.5
80	20843.0
81	20843.0
82	17299.5
83	13756.0
84	13756.0
85	11023.0
86	8290.0
87	8290.0
88	6369.5
89	4449.0
90	3196.5
91	1944.0
92	1944.0
93	1328.5
94	713.0
95	713.0
96	445.5
97	178.0
98	178.0
99	105.5
100	33.0
>>END_MODULE
>>Per base N content	pass
#Base	N-Count
1	0.06425015153821491
2	4.013961986977191E-4
3	3.7909640988117917E-4
4	0.0
5	1.0703898631939175E-4
6	0.0
7	0.0
8	3.121970434315593E-4
9	1.828582682956276E-4
10	3.924762831711031E-4
11	2.319178036920155E-4
12	0.0
13	2.0069809934885954E-4
14	8.027923973954382E-5
15	1.7393835276901162E-4
16	0.0
17	8.919915526615979E-6
18	4.772154806739549E-4
19	0.003964902451580803
20	2.319178036920155E-4
21	0.008714757469503813
22	3.3449683224809926E-4
23	4.727555229106469E-4
24	8.072523551587461E-4
25	1.6501843724239562E-4
26	0.0
27	0.0021051000642813714
28	7.135932421292783E-5
29	0.0
30	2.0961801487547554E-4
31	3.1665700119486726E-4
32	5.7979450923003874E-5
33	3.5679662106463916E-5
34	4.4599577633079895E-6
35	8.919915526615979E-6
36	8.429320172652102E-4
>>END_MODULE
>>Sequence Length Distribution	pass
#Length	Count
36	2.2421737E7
>>END_MODULE
>>Sequence Duplication Levels	fail
#Total Deduplicated Percentage	34.35202671393425
#Duplication Level	Percentage of deduplicated	Percentage of total
1	54.819418453688144	18.831581271634352
2	11.223888002510297	7.711266009928797
3	7.22595344698078	7.446784375329872
4	5.449531536446731	7.488098116737811
5	4.391336705466005	7.542565790802411
6	3.6886288194554884	7.602712544623362
7	3.1373294257925775	7.5441536971667045
8	2.589347590163835	7.115947007117547
9	2.1065359581901846	6.512740155865108
>10	5.366910074390403	22.177603216830548
>50	0.0010439880639177771	0.023676027924920094
>100	7.599885160326345E-5	0.002871786038553994
>500	0.0	0.0
>1k	0.0	0.0
>5k	0.0	0.0
>10k+	0.0	0.0
>>END_MODULE
>>Overrepresented sequences	pass
>>END_MODULE
>>Adapter Content	pass
#Position	Illumina Universal Adapter	Illumina Small RNA 3' Adapter	Illumina Small RNA 5' Adapter	Nextera Transposase Sequence	SOLID Small RNA Adapter
1	0.0	0.0	0.0	8.919915526615979E-6	0.0
2	0.0	0.0	0.0	8.919915526615979E-6	0.0
3	0.0	0.0	0.0	1.7839831053231958E-5	0.0
4	0.0	0.0	0.0	1.7839831053231958E-5	0.0
5	0.0	0.0	0.0	1.7839831053231958E-5	0.0
6	0.0	3.121970434315593E-5	0.0	5.797945092300387E-5	0.0
7	0.0	3.121970434315593E-5	0.0	1.739383527690116E-4	0.0
8	0.0	3.121970434315593E-5	0.0	1.739383527690116E-4	0.0
9	8.919915526615979E-6	3.121970434315593E-5	0.0	2.2745784592870748E-4	0.0
10	8.919915526615979E-6	4.45995776330799E-5	0.0	2.8989725461501934E-4	0.0
11	8.919915526615979E-6	4.45995776330799E-5	0.0	3.032771279049433E-4	0.0
12	8.919915526615979E-6	4.45995776330799E-5	0.0	3.032771279049433E-4	0.0
13	7.135932421292783E-5	4.45995776330799E-5	0.0	3.032771279049433E-4	0.0
14	7.135932421292783E-5	4.45995776330799E-5	0.0	3.032771279049433E-4	0.0
15	7.135932421292783E-5	4.45995776330799E-5	0.0	3.032771279049433E-4	0.0
16	7.135932421292783E-5	4.45995776330799E-5	0.0	3.032771279049433E-4	0.0
17	7.135932421292783E-5	4.45995776330799E-5	0.0	3.032771279049433E-4	0.0
18	7.135932421292783E-5	4.45995776330799E-5	0.0	3.389567900114072E-4	0.0
19	7.135932421292783E-5	4.45995776330799E-5	0.0	3.389567900114072E-4	0.0
20	7.135932421292783E-5	4.45995776330799E-5	0.0	4.058561564610271E-4	0.0
21	7.135932421292783E-5	4.45995776330799E-5	0.0	4.41535818567491E-4	0.0
22	1.4717860618916368E-4	4.45995776330799E-5	0.0	4.41535818567491E-4	0.0
23	1.5609852171577965E-4	4.45995776330799E-5	0.0	4.50455734094107E-4	0.0
24	1.8731822605893558E-4	4.45995776330799E-5	0.0	4.6829556514733895E-4	0.0
>>END_MODULE
>>Kmer Content	warn
#Sequence	Count	PValue	Obs/Exp Max	Max Obs/Exp Position
CGCGCTA	130	0.0057013975	9.235819	1
TGTTTAC	20455	0.0	8.220029	9
TATTTAC	13910	0.0	7.83925	9
CTTGACG	2615	0.0	7.6859994	4
TTGACGA	2665	0.0	7.372967	5
TGACGAC	2570	0.0	7.3536777	6
GACGACT	2615	0.0	7.341866	7
AATGACG	2630	0.0	7.3010015	19
GACGAAA	2670	0.0	7.1907887	22
ACGACTT	2670	0.0	7.1906285	8
GTTTACT	10310	0.0	6.997641	10
CGACTTG	2665	0.0	6.978976	9
CGAAATC	2650	0.0	6.9054317	24
GTTTACA	11795	0.0	6.8923388	10
GTTTACC	6055	0.0	6.886458	10
TGACGAA	2690	0.0	6.8591514	21
ATGACGA	2750	0.0	6.818458	20
ACGAAAT	2775	0.0	6.756533	23
TGTTGAC	13410	0.0	6.3866706	9
TTGTTTA	14945	0.0	6.3730307	8
>>END_MODULE
